0.13265246 0.058374487 0.84828264
6.5756103e-06 -1.3998324e-05 0.8463507
0.19267589 0.026037812 0.41422153
0.13265246 0.058374487 0.84828264
0.31500793 -0.14112496 6.914139e-05
0.19267589 0.026037812 0.41422153
-0.13265513 -0.05838482 0.8443181
6.5756103e-06 -1.3998324e-05 0.8463507
-0.085811526 -0.13374805 0.4055727
-0.13265513 -0.05838482 0.8443181
0.029943138 -0.3359928 0.00329566
-0.085811526 -0.13374805 0.4055727
0.0064114328 0.010444224 1.105058
6.5756103e-06 -1.3998324e-05 0.8463507
0.058407415 0.12925649 1.3236341
0.0064114328 0.010444224 1.105058
0.017869353 0.27130336 1.366633
0.058407415 0.12925649 1.3236341
0.040798232 0.26748598 1.494009
0.017869353 0.27130336 1.366633
-0.081908174 0.052758515 1.319157
0.058407415 0.12925649 1.3236341
-0.2158457 -0.10686371 1.1003802
-0.081908174 0.052758515 1.319157
-0.25108188 -0.066909745 0.87123454
-0.2158457 -0.10686371 1.1003802
0.18375881 0.13313201 1.202834
0.058407415 0.12925649 1.3236341
0.2901553 0.09174943 0.9153482
0.18375881 0.13313201 1.202834
0.26426598 0.15408511 0.6832873
0.2901553 0.09174943 0.9153482
min_x:-0.25108188
min_y:-0.3359928
min_z:6.914139e-05
max_x:0.31500793
max_y:0.27130336
max_z:1.494009
