0.114641204 0.026202857 0.25659603
-2.6815916e-05 -4.048874e-05 0.35266238
-0.38526803 0.19953814 0.09289616
0.114641204 0.026202857 0.25659603
-0.7679987 0.0010861158 0.0
-0.38526803 0.19953814 0.09289616
-0.114676006 -0.026253156 0.44831723
-2.6815916e-05 -4.048874e-05 0.35266238
-0.63732666 0.09700916 0.32854128
-0.114676006 -0.026253156 0.44831723
-0.8067093 -0.28421333 0.21801406
-0.63732666 0.09700916 0.32854128
0.13215156 0.1326536 0.52624166
-2.6815916e-05 -4.048874e-05 0.35266238
0.17117225 0.29776222 0.6420285
0.13215156 0.1326536 0.52624166
0.21713197 0.5606853 0.6742928
0.17117225 0.29776222 0.6420285
-0.1282261 0.46477127 0.6321626
0.21713197 0.5606853 0.6742928
0.039183423 0.2379756 0.72663176
0.17117225 0.29776222 0.6420285
-0.10461579 0.2625235 0.58674264
0.039183423 0.2379756 0.72663176
-0.048975974 0.26594192 0.3356545
-0.10461579 0.2625235 0.58674264
0.28224173 0.30708644 0.5516388
0.17117225 0.29776222 0.6420285
0.42888176 0.2819839 0.2888752
0.28224173 0.30708644 0.5516388
0.48756465 0.3612461 0.07639578
0.42888176 0.2819839 0.2888752
min_x:-0.8067093
min_y:-0.28421333
min_z:0.0
max_x:0.48756465
max_y:0.5606853
max_z:0.72663176
