 485 4765
 3041 4765
 4765 4095
 4095 2995
 2044 24292
 19983 2048
 3694 2995
 13269 24292
 20400 2995
 2048 1137
 107 767
 5387 3423
 23840 2248
 76 2472
 4877 16634
 1770 24292
 10828 5716
 6040 17447
 767 3497
 16634 2248
 1137 4958
 1448 3423
 20268 4958
 4958 20488
 16358 14084
 27199 27316
 13877 24292
 2248 17241
 17241 24800
 2200 2472
 5716 5944
 3423 1343
 25312 21798
 12676 13010
 13010 1343
 24000 20488
 20488 2995
 24800 20834
 5944 1343
 21798 17447
 14084 20834
 2995 20834
 19720 1343
