 1137 13269
 2995 3694
 485 3041
 1770 4877
 4765 4095
 16634 2044
 20400 13269
 5387 3694
 4877 3041
 2200 24292
 4095 24292
 24292 13269
 2048 76
 3694 3041
 3497 2044
 3041 3423
 2248 19983
 3423 4958
 27316 27199
 76 107
 1448 27199
 13269 13877
 17241 2044
 2044 107
 13010 12676
 4958 20268
 6040 12676
 10828 12676
 24800 24000
 19983 1343
 20268 1343
 12676 1343
 20834 24000
 14084 16358
 17447 19720
 20488 1343
 23840 13877
 16358 19720
 5944 1343
 13877 19720
 19720 24000
 5716 1343
 25312 21798
 27199 21798
 1343 21798
