 485 4765
 76 767
 4095 3041
 1137 3694
 4765 3041
 107 767
 20400 3694
 3694 3041
 24292 1770
 4958 3041
 2995 2248
 2044 1770
 3041 2248
 3497 1770
 2472 2200
 16634 1770
 2248 2048
 1770 13269
 23840 2048
 3423 4877
 1343 1448
 17241 2048
 20268 2048
 2048 4877
 767 2200
 6040 13010
 12676 13010
 17447 14084
 19983 4877
 13010 10828
 1448 4877
 27199 27316
 24000 20488
 5716 10828
 10828 5387
 5387 4877
 13877 14084
 20834 13269
 20488 13269
 16358 19720
 19720 14084
 4877 5944
 24800 14084
 14084 13269
 25312 21798
