12671 13007
10317 6804
5582 5935
4999 5525
5224 5639
4991 5435
15749 18366
15449 18822
18002 14392
17331 13992
17114 13728
13472 16812
13641 16931
14586 17551
22745 26210
21944 25540
25910 22364
22394 25025
21056 24811 
21397 24814
21260 24772 
21279 24790
570 1201 
575 1204
578 1206
20109 24042
24013 20077
20061 23578
1571 23955
1472 1443 
27063 27176
998 364 
194 1076
434 1137
3586 4006
2974 4089
2173 2432
2179 4375
1769 2547
1927 1655
1773 1960
3706 4259
3523 4033
13896 17657
4179 3049 
5933 7818
12437 5369