0 21
1 22
33 35
34 5
36 7 
10 172
442 635
1121 867
1174    1376
1703    1954
1682    1689
1482    1508
2218    2395
2400    2508
3210    3168
3239    3367
2731    2837
3541    3721
3995    4088
5102    6203
6554    6595
7266    7441
7883    7909
6991    7059
7857    8487
9575    9558
8695    9303
10094   10144
10598   10812
5092    5193
5360   5029
4416    4667
4993    5490
3568    3893
2716    2722
2027    2255
1101    1396
1407    1796
3463    3230
6049    6417
6127    7264
6841    7775
7556    7964
8244    8696
8835    9525
10273   9719
9463    9668
10135   10447
11695   11799
12270   12293
12191   12250
11150   11077